[gd_scene load_steps=13 format=2]

[ext_resource path="res://LogInstance.tscn" type="PackedScene" id=1]
[ext_resource path="res://TestLevel_slot0_albedo_bump.packed_tex" type="Texture" id=2]
[ext_resource path="res://Ground.tscn" type="PackedScene" id=3]
[ext_resource path="res://terrain/data.hterrain" type="Resource" id=4]
[ext_resource path="res://addons/zylann.hterrain/hterrain_texture_set.gd" type="Script" id=5]
[ext_resource path="res://addons/zylann.hterrain/hterrain.gd" type="Script" id=6]
[ext_resource path="res://TestLevel_slot1_albedo_bump.packed_tex" type="Texture" id=7]
[ext_resource path="res://TestLevel_slot0_normal_roughness.packed_tex" type="Texture" id=8]
[ext_resource path="res://TestLevel_slot1_normal_roughness.packed_tex" type="Texture" id=9]
[ext_resource path="res://interface/UI.tscn" type="PackedScene" id=10]
[ext_resource path="res://assets/log_half.obj" type="ArrayMesh" id=11]

[sub_resource type="Resource" id=1]
script = ExtResource( 5 )
mode = 0
textures = [ [ ExtResource( 2 ), ExtResource( 7 ) ], [ ExtResource( 8 ), ExtResource( 9 ) ] ]

[node name="Spatial" type="Spatial"]

[node name="UI" parent="." instance=ExtResource( 10 )]

[node name="DirectionalLight" type="DirectionalLight" parent="."]
transform = Transform( -4.37114e-08, -0.5, 0.866025, 0, 0.866025, 0.5, -1, 2.18557e-08, -3.78552e-08, 36.6309, 32.4798, -0.003 )
light_color = Color( 0.996078, 0.988235, 0.819608, 1 )
light_energy = 1.56

[node name="Floor" parent="." instance=ExtResource( 3 )]
visible = false

[node name="Camera" type="Camera" parent="."]
transform = Transform( -1, 4.37114e-08, -7.57103e-08, 0, 0.866025, 0.5, 8.74228e-08, 0.5, -0.866025, 26.8442, 15.5208, 3.98941 )
keep_aspect = 0
fov = 90.0

[node name="HTerrain" type="Spatial" parent="."]
script = ExtResource( 6 )
_terrain_data = ExtResource( 4 )
chunk_size = 32
collision_enabled = true
collision_layer = 1
collision_mask = 1
shader_type = "Classic4Lite"
custom_shader = null
custom_globalmap_shader = null
texture_set = SubResource( 1 )
shader_params/u_ground_uv_scale = 20
shader_params/u_depth_blending = true
shader_params/u_triplanar = false
shader_params/u_tile_reduction = Plane( 0, 0, 0, 0 )

[node name="Log8" parent="." instance=ExtResource( 1 )]
transform = Transform( -1, -8.74228e-08, 3.82137e-15, 0, -4.37114e-08, -1, 8.74227e-08, -1, 4.37114e-08, 30.2277, 14.8476, 22.9702 )
mass = 2827.43
contacts_reported = 12
length = 6
top_shape = ExtResource( 11 )
bottom_shape = ExtResource( 11 )

[node name="Log5" parent="." instance=ExtResource( 1 )]
transform = Transform( -0.0777784, 0.0145096, 0.996865, -0.0188177, 0.999694, -0.016019, -0.996793, -0.0200047, -0.0774816, 22.0775, 6.52212, 29.1975 )
mass = 2827.43
contacts_reported = 12
length = 6
top_shape = ExtResource( 11 )

[node name="Log6" parent="." instance=ExtResource( 1 )]
transform = Transform( -4.37114e-08, 1, -4.37114e-08, 0, -4.37114e-08, -1, -1, -4.37114e-08, 1.91069e-15, 28.2156, 11.5329, 29.0957 )
mass = 2827.43
contacts_reported = 12
length = 6
top_shape = ExtResource( 11 )
bottom_shape = ExtResource( 11 )

[node name="Log7" parent="." instance=ExtResource( 1 )]
transform = Transform( 0.0777784, 0.0145096, -0.996865, 0.0188177, 0.999694, 0.016019, 0.996793, -0.0200047, 0.0774816, 34.2774, 6.42592, 29.2015 )
mass = 2827.43
contacts_reported = 12
length = 6
top_shape = ExtResource( 11 )

[node name="Log2" parent="." instance=ExtResource( 1 )]
transform = Transform( -4.37114e-08, 0, -1, 0, 1, 0, 1, 0, -4.37114e-08, 33.9801, 6.20171, 16.944 )
mass = 2827.43
contacts_reported = 12
length = 6
top_shape = ExtResource( 11 )

[node name="Log4" parent="." instance=ExtResource( 1 )]
transform = Transform( 1.31134e-07, 1, -3.82137e-15, -4.37114e-08, 1.91069e-15, -1, -1, 1.31134e-07, 4.37114e-08, 27.9293, 11.4933, 16.9438 )
mass = 2827.43
contacts_reported = 12
length = 6
top_shape = ExtResource( 11 )
bottom_shape = ExtResource( 11 )
show_debug = true

[node name="Log3" parent="." instance=ExtResource( 1 )]
transform = Transform( -4.37114e-08, 0, 1, 0, 1, 0, -1, 0, -4.37114e-08, 21.8331, 6.29972, 17 )
mass = 2827.43
contacts_reported = 12
length = 6
top_shape = ExtResource( 11 )
