[gd_scene load_steps=22 format=2]

[ext_resource path="res://LogInstance.tscn" type="PackedScene" id=1]
[ext_resource path="res://TestLevel_slot0_albedo_bump.packed_tex" type="Texture" id=2]
[ext_resource path="res://Ground.tscn" type="PackedScene" id=3]
[ext_resource path="res://terrain/data.hterrain" type="Resource" id=4]
[ext_resource path="res://addons/zylann.hterrain/hterrain_texture_set.gd" type="Script" id=5]
[ext_resource path="res://addons/zylann.hterrain/hterrain.gd" type="Script" id=6]
[ext_resource path="res://TestLevel_slot1_albedo_bump.packed_tex" type="Texture" id=7]
[ext_resource path="res://TestLevel_slot0_normal_roughness.packed_tex" type="Texture" id=8]
[ext_resource path="res://TestLevel_slot1_normal_roughness.packed_tex" type="Texture" id=9]
[ext_resource path="res://interface/UI.tscn" type="PackedScene" id=10]
[ext_resource path="res://assets/log_half.obj" type="ArrayMesh" id=11]
[ext_resource path="res://DegradeableBlock.tscn" type="PackedScene" id=12]
[ext_resource path="res://String.gd" type="Script" id=13]
[ext_resource path="res://String.tscn" type="PackedScene" id=14]
[ext_resource path="res://ThatchInstance.tscn" type="PackedScene" id=15]
[ext_resource path="res://assets/textures/archeology_plan.jpg" type="Texture" id=16]
[ext_resource path="res://TestLevel_slot2_normal_roughness.packed_tex" type="Texture" id=17]
[ext_resource path="res://TestLevel_slot2_albedo_bump.packed_tex" type="Texture" id=18]

[sub_resource type="Resource" id=1]
script = ExtResource( 5 )
mode = 0
textures = [ [ ExtResource( 2 ), ExtResource( 7 ), ExtResource( 18 ) ], [ ExtResource( 8 ), ExtResource( 9 ), ExtResource( 17 ) ] ]

[sub_resource type="SpatialMaterial" id=2]
albedo_texture = ExtResource( 16 )

[sub_resource type="PlaneMesh" id=3]
size = Vector2( 56, 56 )

[node name="Spatial" type="Spatial"]

[node name="UI" parent="." instance=ExtResource( 10 )]

[node name="DirectionalLight" type="DirectionalLight" parent="."]
transform = Transform( -4.37114e-08, -0.5, 0.866025, 0, 0.866025, 0.5, -1, 2.18557e-08, -3.78552e-08, 61.3035, 39.5741, -0.003 )
light_color = Color( 1, 0.980392, 0.513726, 1 )
light_energy = 1.4
light_specular = 0.42
shadow_enabled = true

[node name="OmniLight" type="OmniLight" parent="."]
transform = Transform( 1, 0, 0, 0, 1, 0, 0, 0, 1, 56.0931, 1.75105, 66.3871 )
visible = false
light_color = Color( 0.956863, 0.654902, 0.231373, 1 )
light_energy = 1.64
light_specular = 0.87
omni_range = 14.0

[node name="Floor" parent="." instance=ExtResource( 3 )]
transform = Transform( 1, 0, 0, 0, 1, 0, 0, 0, 1, 47.8816, -0.974917, 51.9096 )
visible = false

[node name="Camera" type="Camera" parent="."]
transform = Transform( -0.99745, 0.0123942, -0.0702912, 0, 0.984808, 0.173648, 0.0713755, 0.173205, -0.982296, 51.587, 13.897, 19.258 )
keep_aspect = 0
fov = 90.0
far = 300.0

[node name="HTerrain" type="Spatial" parent="."]
transform = Transform( 1, 0, 0, 0, 1, 0, 0, 0, 1, -100, 0, 0 )
script = ExtResource( 6 )
_terrain_data = ExtResource( 4 )
chunk_size = 32
collision_enabled = true
collision_layer = 1
collision_mask = 1
shader_type = "Classic4Lite"
custom_shader = null
custom_globalmap_shader = null
texture_set = SubResource( 1 )
shader_params/u_ground_uv_scale = 20
shader_params/u_depth_blending = true
shader_params/u_triplanar = false
shader_params/u_tile_reduction = Plane( 0, 0, 0, 0 )

[node name="BUILDING_PLAN" type="MeshInstance" parent="."]
transform = Transform( -0.990861, 0, 0.134885, 0, 1, 0, -0.134885, 0, -0.990861, 51.7169, 0.306353, 65.4488 )
visible = false
material_override = SubResource( 2 )
mesh = SubResource( 3 )
material/0 = null

[node name="MEASURE_REF" parent="." instance=ExtResource( 1 )]
transform = Transform( -4.33613e-08, -0.991989, -0.12632, 1, -4.37114e-08, 0, -5.52163e-09, -0.12632, 0.99199, 38.6561, 1.19103, 90.3763 )
mass = 15.2681
contacts_reported = 32
radius = 0.03
length = 8

[node name="Log14" parent="." instance=ExtResource( 1 )]
transform = Transform( -1, 0, -8.74228e-08, 0, 1, 0, 8.74228e-08, 0, -1, 64.6308, 2.84576, 49.6064 )
mass = 63.6173
contacts_reported = 12
radius = 0.1
length = 3

[node name="Log35" parent="." instance=ExtResource( 1 )]
transform = Transform( -1, 0, -8.74228e-08, 0, 1, 0, 8.74228e-08, 0, -1, 67.4348, 2.84576, 51.413 )
mass = 63.6173
contacts_reported = 12
radius = 0.1
length = 3

[node name="Log38" parent="." instance=ExtResource( 1 )]
transform = Transform( -1, 0, -8.74228e-08, 0, 1, 0, 8.74228e-08, 0, -1, 70.981, 2.84576, 54.9558 )
mass = 63.6173
contacts_reported = 12
radius = 0.1
length = 3

[node name="Log10" parent="." instance=ExtResource( 1 )]
transform = Transform( -1, 0, -8.74228e-08, 0, 1, 0, 8.74228e-08, 0, -1, 61.9532, 2.84576, 48.0997 )
mass = 63.6173
contacts_reported = 12
radius = 0.1
length = 3

[node name="Log11" parent="." instance=ExtResource( 1 )]
transform = Transform( -4.37108e-08, 0.00535814, -0.999986, 2.34212e-10, 0.999986, 0.00535814, 1, 0, -4.37114e-08, 58.762, 2.94115, 46.5425 )
mass = 339.292
contacts_reported = 16
radius = 0.2
length = 4
top_shape = ExtResource( 11 )

[node name="Log12" parent="." instance=ExtResource( 1 )]
transform = Transform( -4.37114e-08, 0, 1, 0, 1, 0, -1, 0, -4.37114e-08, 49.7225, 2.91518, 47.1077 )
mass = 339.292
contacts_reported = 16
radius = 0.2
length = 4
top_shape = ExtResource( 11 )
show_debug = true

[node name="Log13" parent="." instance=ExtResource( 1 )]
transform = Transform( -0.0547758, 0.998499, 2.39433e-09, -4.37114e-08, 1.91069e-15, -1, -0.998499, -0.0547758, 4.36458e-08, 54.3122, 6.91, 46.8403 )
mass = 424.115
contacts_reported = 20
radius = 0.2
length = 5
top_shape = ExtResource( 11 )
bottom_shape = ExtResource( 11 )

[node name="Log15" parent="." instance=ExtResource( 1 )]
transform = Transform( -1, 0, -8.74228e-08, 0, 1, 0, 8.74228e-08, 0, -1, 47.3714, 2.84576, 48.4356 )
mass = 254.469
contacts_reported = 12
radius = 0.2
length = 3

[node name="Log16" parent="." instance=ExtResource( 1 )]
transform = Transform( -1, 0, -8.74228e-08, 0, 1, 0, 8.74228e-08, 0, -1, 44.7726, 2.84576, 50.269 )
mass = 143.139
contacts_reported = 12
radius = 0.15
length = 3

[node name="Log17" parent="." instance=ExtResource( 1 )]
transform = Transform( -1, 0, -8.74228e-08, 0, 1, 0, 8.74228e-08, 0, -1, 41.6499, 2.84576, 55.1453 )
mass = 143.139
contacts_reported = 12
radius = 0.15
length = 3

[node name="Log18" parent="." instance=ExtResource( 1 )]
transform = Transform( -1, 0, -8.74228e-08, 0, 1, 0, 8.74228e-08, 0, -1, 39.6586, 2.84576, 60.1491 )
mass = 63.6173
contacts_reported = 12
radius = 0.1
length = 3

[node name="Log19" parent="." instance=ExtResource( 1 )]
transform = Transform( -1, 0, -8.74228e-08, 0, 1, 0, 8.74228e-08, 0, -1, 39.0248, 2.84576, 65.1229 )
mass = 63.6173
contacts_reported = 12
radius = 0.1
length = 3

[node name="Log20" parent="." instance=ExtResource( 1 )]
transform = Transform( -1, 0, -8.74228e-08, 0, 1, 0, 8.74228e-08, 0, -1, 38.532, 2.93634, 68.3344 )
mass = 63.6173
contacts_reported = 12
radius = 0.1
length = 3

[node name="Log21" parent="." instance=ExtResource( 1 )]
transform = Transform( -1, 0, -8.74228e-08, 0, 1, 0, 8.74228e-08, 0, -1, 39.5939, 2.84576, 74.5684 )
mass = 63.6173
contacts_reported = 12
radius = 0.1
length = 3

[node name="Log22" parent="." instance=ExtResource( 1 )]
transform = Transform( -1, 0, -8.74228e-08, 0, 1, 0, 8.74228e-08, 0, -1, 57.7788, 2.84576, 86.567 )
mass = 40.715
contacts_reported = 12
radius = 0.08
length = 3

[node name="Log23" parent="." instance=ExtResource( 1 )]
transform = Transform( -1, 0, -8.74228e-08, 0, 1, 0, 8.74228e-08, 0, -1, 65.3131, 2.84576, 84.7169 )
mass = 63.6173
contacts_reported = 12
radius = 0.1
section_length = 0.08
length = 3

[node name="Log24" parent="." instance=ExtResource( 1 )]
transform = Transform( -1, 0, -8.74228e-08, 0, 1, 0, 8.74228e-08, 0, -1, 69.3637, 2.84576, 82.4039 )
mass = 40.715
contacts_reported = 12
radius = 0.08
length = 3

[node name="Log25" parent="." instance=ExtResource( 1 )]
transform = Transform( -1, 0, -8.74228e-08, 0, 1, 0, 8.74228e-08, 0, -1, 72.7568, 2.84576, 78.2374 )
mass = 40.715
contacts_reported = 12
radius = 0.08
length = 3

[node name="Log26" parent="." instance=ExtResource( 1 )]
transform = Transform( -1, 0, -8.74228e-08, 0, 1, 0, 8.74228e-08, 0, -1, 75.091, 2.84576, 73.0511 )
mass = 40.715
contacts_reported = 12
radius = 0.08
length = 3

[node name="Log27" parent="." instance=ExtResource( 1 )]
transform = Transform( -1, 0, -8.74228e-08, 0, 1, 0, 8.74228e-08, 0, -1, 75.4732, 2.84576, 67.931 )
mass = 40.715
contacts_reported = 12
radius = 0.08
length = 3

[node name="Log39" parent="." instance=ExtResource( 1 )]
transform = Transform( -0.999775, 0, -0.0212042, 0, 1, 0, 0.0212042, 0, -0.999775, 41.8889, 2.84576, 78.9804 )
mass = 63.6173
contacts_reported = 12
radius = 0.1
length = 3

[node name="Log28" parent="." instance=ExtResource( 1 )]
transform = Transform( -1, 0, -8.74228e-08, 0, 1, 0, 8.74228e-08, 0, -1, 74.6939, 2.84576, 62.5483 )
mass = 40.715
contacts_reported = 12
radius = 0.08
length = 3

[node name="Log40" parent="." instance=ExtResource( 1 )]
transform = Transform( -0.999775, 0, -0.0212042, 0, 1, 0, 0.0212042, 0, -0.999775, 44.645, 3.01881, 82.1207 )
mass = 63.6173
contacts_reported = 12
radius = 0.1
length = 3

[node name="Log42" parent="." instance=ExtResource( 1 )]
transform = Transform( -0.999775, 0, -0.0212042, 0, 1, 0, 0.0212042, 0, -0.999775, 48.8558, 2.97557, 85.3547 )
mass = 63.6173
contacts_reported = 12
radius = 0.1
length = 3

[node name="Log44" parent="." instance=ExtResource( 1 )]
transform = Transform( -0.999775, 0, -0.0212042, 0, 1, 0, 0.0212042, 0, -0.999775, 53.3501, 3.00204, 86.4724 )
mass = 63.6173
contacts_reported = 12
radius = 0.1
length = 3

[node name="Log41" parent="." instance=ExtResource( 1 )]
transform = Transform( -1, 0, -8.74228e-08, 0, 1, 0, 8.74228e-08, 0, -1, 73.5113, 2.84576, 59.3627 )
mass = 63.6173
contacts_reported = 12
radius = 0.1
length = 3

[node name="DegradeableBlock" parent="." instance=ExtResource( 12 )]
transform = Transform( 0.886478, 0, 0.46277, 0, 1, 0, -0.46277, 0, 0.886478, 48.5723, 2.72614, 47.8172 )
scale_meters = Vector3( 0.159, 0.7, 0.1 )

[node name="DegradeableBlock2" parent="." instance=ExtResource( 12 )]
transform = Transform( 0.795844, 0, 0.605502, 0, 1, 0, -0.605502, 0, 0.795844, 45.9657, 2.62302, 49.3847 )
scale_meters = Vector3( 0.231, 0.65, 0.1 )

[node name="DegradeableBlock3" parent="." instance=ExtResource( 12 )]
transform = Transform( 0.526155, 0, 0.850389, 0, 1, 0, -0.850389, 0, 0.526155, 43.1831, 3.03386, 52.6794 )
scale_meters = Vector3( 0.6, 0.75, 0.1 )

[node name="DegradeableBlock4" parent="." instance=ExtResource( 12 )]
transform = Transform( 0.362536, 0, 0.93197, 0, 1, 0, -0.93197, 0, 0.362536, 40.6218, 2.97621, 57.6788 )
scale_meters = Vector3( 0.6, 0.75, 0.1 )

[node name="DegradeableBlock5" parent="." instance=ExtResource( 12 )]
transform = Transform( 0.129938, 0, 0.991522, 0, 1, 0, -0.991522, 0, 0.129938, 39.3236, 3.04744, 62.731 )
scale_meters = Vector3( 0.55, 0.75, 0.08 )

[node name="DegradeableBlock6" parent="." instance=ExtResource( 12 )]
transform = Transform( 0.129955, 0, 0.99152, 0, 1, 0, -0.99152, 0, 0.129955, 38.8283, 3.04744, 66.7623 )
scale_meters = Vector3( 0.32, 0.75, 0.08 )

[node name="DegradeableBlock7" parent="." instance=ExtResource( 12 )]
transform = Transform( -0.161621, 0, 0.986853, 0, 1, 0, -0.986853, 0, -0.161621, 39.0023, 3.04744, 71.4798 )
scale_meters = Vector3( 0.7, 0.75, 0.08 )

[node name="DegradeableBlock8" parent="." instance=ExtResource( 12 )]
transform = Transform( -0.447884, 0, 0.894092, 0, 1, 0, -0.894092, 0, -0.447884, 40.722, 3.04744, 76.8205 )
scale_meters = Vector3( 0.55, 0.75, 0.08 )

[node name="DegradeableBlock9" parent="." instance=ExtResource( 12 )]
transform = Transform( -0.676452, 0, 0.736487, 0, 1, 0, -0.736487, 0, -0.676452, 43.2343, 3.04744, 80.5471 )
scale_meters = Vector3( 0.45, 0.75, 0.08 )

[node name="DegradeableBlock10" parent="." instance=ExtResource( 12 )]
transform = Transform( -0.790069, 0, 0.613017, 0, 1, 0, -0.613017, 0, -0.790069, 46.7846, 3.04744, 83.6924 )
scale_meters = Vector3( 0.6, 0.75, 0.08 )

[node name="DegradeableBlock11" parent="." instance=ExtResource( 12 )]
transform = Transform( -0.971561, 0, 0.236787, 0, 1, 0, -0.236787, 0, -0.971561, 51.1214, 2.61446, 85.9247 )
scale_meters = Vector3( 0.5, 0.65, 0.08 )

[node name="DegradeableBlock12" parent="." instance=ExtResource( 12 )]
transform = Transform( -0.999846, 0, 0.0175572, 0, 1, 0, -0.0175572, 0, -0.999846, 55.5745, 3.04744, 86.5593 )
scale_meters = Vector3( 0.48, 0.75, 0.08 )

[node name="DegradeableBlock13" parent="." instance=ExtResource( 12 )]
transform = Transform( -0.973307, 0, -0.229506, 0, 1, 0, 0.229506, 0, -0.973307, 61.4569, 2.97621, 85.6711 )
scale_meters = Vector3( 0.9, 0.75, 0.08 )

[node name="DegradeableBlock14" parent="." instance=ExtResource( 12 )]
transform = Transform( -0.871924, 0, -0.489641, 0, 1, 0, 0.489641, 0, -0.871924, 67.386, 2.97621, 83.5985 )
scale_meters = Vector3( 0.52, 0.75, 0.08 )

[node name="DegradeableBlock15" parent="." instance=ExtResource( 12 )]
transform = Transform( -0.632327, 0, -0.774702, 0, 1, 0, 0.774702, 0, -0.632327, 71.0359, 2.97621, 80.3338 )
scale_meters = Vector3( 0.62, 0.75, 0.08 )

[node name="DegradeableBlock16" parent="." instance=ExtResource( 12 )]
transform = Transform( -0.408649, 0, -0.912691, 0, 1, 0, 0.912691, 0, -0.408649, 73.9541, 2.9819, 75.6415 )
scale_meters = Vector3( 0.65, 0.75, 0.08 )

[node name="DegradeableBlock17" parent="." instance=ExtResource( 12 )]
transform = Transform( -0.0818344, 0, -0.996646, 0, 1, 0, 0.996646, 0, -0.0818344, 75.3513, 2.9819, 70.4921 )
scale_meters = Vector3( 0.58, 0.75, 0.08 )

[node name="DegradeableBlock18" parent="." instance=ExtResource( 12 )]
transform = Transform( 0.150225, 0, -0.988652, 0, 1, 0, 0.988652, 0, 0.150225, 75.1777, 2.9819, 65.1925 )
scale_meters = Vector3( 0.62, 0.75, 0.08 )

[node name="DegradeableBlock19" parent="." instance=ExtResource( 12 )]
transform = Transform( 0.355172, 0, -0.934801, 0, 1, 0, 0.934801, 0, 0.355172, 74.1837, 2.9819, 60.9821 )
scale_meters = Vector3( 0.35, 0.75, 0.08 )

[node name="DegradeableBlock20" parent="." instance=ExtResource( 12 )]
transform = Transform( 0.477297, 0, -0.878742, 0, 1, 0, 0.878742, 0, 0.477297, 72.3485, 2.9819, 57.1116 )
scale_meters = Vector3( 0.55, 0.75, 0.08 )

[node name="DegradeableBlock21" parent="." instance=ExtResource( 12 )]
transform = Transform( 0.706823, 0, -0.707391, 0, 1, 0, 0.707391, 0, 0.706823, 69.2117, 2.9819, 53.1478 )
scale_meters = Vector3( 0.55, 0.75, 0.08 )

[node name="DegradeableBlock22" parent="." instance=ExtResource( 12 )]
transform = Transform( 0.828783, 0, -0.559569, 0, 1, 0, 0.559569, 0, 0.828783, 66.0641, 2.9819, 50.4641 )
scale_meters = Vector3( 0.34, 0.75, 0.08 )

[node name="DegradeableBlock23" parent="." instance=ExtResource( 12 )]
transform = Transform( 0.859326, 0, -0.511428, 0, 1, 0, 0.511428, 0, 0.859326, 63.3353, 2.84706, 48.7811 )
scale_meters = Vector3( 0.3, 0.7, 0.08 )

[node name="DegradeableBlock24" parent="." instance=ExtResource( 12 )]
transform = Transform( 0.875919, 0, -0.482457, 0, 1, 0, 0.482457, 0, 0.875919, 60.5378, 2.62164, 47.2799 )
scale_meters = Vector3( 0.34, 0.65, 0.08 )

[node name="CenterSupport" parent="." instance=ExtResource( 1 )]
transform = Transform( 1, 0, 0, 0, 0.999999, 0, 0, 0, 1, 60.3253, 7.2511, 56.595 )
mass = 42.4115
contacts_reported = 32
radius = 0.05
length = 8

[node name="String" parent="CenterSupport" instance=ExtResource( 14 )]
transform = Transform( -0.563671, -7.91624e-09, -0.826002, 0.57379, 0.719342, -0.391559, 0.594174, -0.694658, -0.405471, 0.216488, 6.72166, 0.0233421 )
nodes/node_a = NodePath("..")
nodes/node_b = NodePath("../../RoofSupport8")
script = ExtResource( 13 )

[node name="CenterSupport2" parent="." instance=ExtResource( 1 )]
transform = Transform( 1, 0, 0, 0, 0.999999, 0, 0, 0, 1, 66.484, 7.24565, 62.0589 )
mass = 42.4115
contacts_reported = 32
radius = 0.05
length = 8

[node name="String" parent="CenterSupport2" instance=ExtResource( 14 )]
transform = Transform( -0.563671, -7.91624e-09, -0.826002, 0.573791, 0.719343, -0.39156, 0.594174, -0.694658, -0.405472, -0.152695, 6.27847, -0.153339 )
nodes/node_a = NodePath("..")
nodes/node_b = NodePath("../../RoofSupport7")
script = ExtResource( 13 )

[node name="CenterSupport3" parent="." instance=ExtResource( 1 )]
transform = Transform( 1, 0, 0, 0, 0.999999, 0, 0, 0, 1, 66.484, 7.24565, 70.3508 )
mass = 42.4115
contacts_reported = 32
radius = 0.05
length = 8

[node name="String" parent="CenterSupport3" instance=ExtResource( 14 )]
transform = Transform( -0.563671, -7.91624e-09, -0.826002, 0.573791, 0.719342, -0.39156, 0.594174, -0.694658, -0.405471, -0.045311, 7.65308, -0.222496 )
nodes/node_a = NodePath("..")
nodes/node_b = NodePath("../../RoofSupport6")
script = ExtResource( 13 )

[node name="CenterSupport4" parent="." instance=ExtResource( 1 )]
transform = Transform( 1, 0, 0, 0, 0.999999, 0, 0, 0, 1, 61.1076, 7.24565, 75.7987 )
mass = 42.4115
contacts_reported = 32
radius = 0.05
length = 8

[node name="String" parent="CenterSupport4" instance=ExtResource( 14 )]
transform = Transform( -0.563671, -7.91624e-09, -0.826002, 0.573791, 0.719342, -0.39156, 0.594174, -0.694658, -0.405472, 0.262993, 8.01522, -0.0146103 )
nodes/node_a = NodePath("..")
nodes/node_b = NodePath("../../RoofSupport5")
script = ExtResource( 13 )

[node name="CenterSupport5" parent="." instance=ExtResource( 1 )]
transform = Transform( 1, 0, 0, 0, 0.999999, 0, 0, 0, 1, 53.9621, 7.24565, 76.6812 )
mass = 42.4115
contacts_reported = 32
radius = 0.05
length = 8

[node name="String" parent="CenterSupport5" instance=ExtResource( 14 )]
transform = Transform( -0.563671, -7.91624e-09, -0.826003, 0.573792, 0.719343, -0.39156, 0.594174, -0.694658, -0.405472, -0.200821, 8.04384, -0.0146103 )
nodes/node_a = NodePath("..")
nodes/node_b = NodePath("../../RoofSupport4")
script = ExtResource( 13 )

[node name="CenterSupport6" parent="." instance=ExtResource( 1 )]
transform = Transform( 1, 0, 0, 0, 0.999999, 0, 0, 0, 1, 48.4836, 7.24565, 73.0506 )
mass = 42.4115
contacts_reported = 32
radius = 0.05
length = 8

[node name="String" parent="CenterSupport6" instance=ExtResource( 14 )]
transform = Transform( -0.563671, -7.91624e-09, -0.826004, 0.573792, 0.719344, -0.39156, 0.594174, -0.694658, -0.405472, -0.190411, 7.72307, -0.304161 )
nodes/node_a = NodePath("..")
nodes/node_b = NodePath("../../RoofSupport2")
script = ExtResource( 13 )

[node name="CenterSupport7" parent="." instance=ExtResource( 1 )]
transform = Transform( 1, 0, 0, 0, 0.999999, 0, 0, 0, 1, 46.7324, 7.24565, 64.6503 )
mass = 42.4115
contacts_reported = 32
radius = 0.05
length = 8

[node name="String" parent="CenterSupport7" instance=ExtResource( 14 )]
transform = Transform( -0.563671, -7.91624e-09, -0.826005, 0.573793, 0.719345, -0.391561, 0.594174, -0.694658, -0.405473, 0.0739937, 8.15156, 0.25592 )
nodes/node_a = NodePath("..")
nodes/node_b = NodePath("../../RoofSupport")
script = ExtResource( 13 )

[node name="CenterSupport8" parent="." instance=ExtResource( 1 )]
transform = Transform( 1, 0, 0, 0, 0.999999, 0, 0, 0, 1, 50.373, 7.00323, 57.33 )
mass = 42.4115
contacts_reported = 32
radius = 0.05
length = 8

[node name="String" parent="CenterSupport8" instance=ExtResource( 14 )]
transform = Transform( -0.563671, -7.91624e-09, -0.826004, 0.573793, 0.719344, -0.39156, 0.594174, -0.694658, -0.405472, 0.2103, 7.33714, -0.0402107 )
nodes/node_a = NodePath("..")
nodes/node_b = NodePath("../../RoofSupport3")
script = ExtResource( 13 )

[node name="RoofSupport" parent="." instance=ExtResource( 1 )]
transform = Transform( 0.193001, 0.693812, 0.693812, 0, 0.707106, -0.707107, -0.981198, 0.136473, 0.136473, 43.1708, 12.6089, 64.424 )
mass = 95.4259
contacts_reported = 72
radius = 0.05
length = 18

[node name="String" parent="RoofSupport" instance=ExtResource( 14 )]
transform = Transform( -0.563671, -7.68341e-09, -0.826, 0.573789, 0.71934, -0.391559, 0.594174, -0.694658, -0.40547, 0.0651207, 18.279, 0.0587654 )
nodes/node_a = NodePath("..")
nodes/node_b = NodePath("../../RoofSupport7")
script = ExtResource( 13 )

[node name="RoofSupport2" parent="." instance=ExtResource( 1 )]
transform = Transform( -0.56367, 0.576891, 0.591162, 0, 0.715692, -0.698415, -0.826, -0.393676, -0.403415, 45.7647, 12.7166, 74.2267 )
mass = 95.4259
contacts_reported = 72
radius = 0.05
length = 18

[node name="String" parent="RoofSupport2" instance=ExtResource( 14 )]
transform = Transform( -0.563671, -7.91624e-09, -0.826, 0.573789, 0.71934, -0.391559, 0.594174, -0.694658, -0.40547, -0.0511551, 18.0599, 0.13575 )
nodes/node_a = NodePath("..")
nodes/node_b = NodePath("../../RoofSupport7")
script = ExtResource( 13 )

[node name="RoofSupport3" parent="." instance=ExtResource( 1 )]
transform = Transform( 0.878233, 0.344011, 0.332208, 0, 0.694658, -0.71934, -0.478232, 0.631748, 0.610072, 49.6452, 12.6415, 55.1326 )
mass = 95.4259
contacts_reported = 72
radius = 0.05
length = 18

[node name="String" parent="RoofSupport3" instance=ExtResource( 14 )]
transform = Transform( -0.563671, 3.72529e-09, -0.826, 0.573789, 0.71934, -0.391559, 0.594174, -0.694658, -0.40547, 0.0501709, 18.0884, -0.0669479 )
nodes/node_a = NodePath("..")
nodes/node_b = NodePath("../../RoofSupport8")
script = ExtResource( 13 )

[node name="RoofSupport4" parent="." instance=ExtResource( 1 )]
transform = Transform( -0.957339, 0.203256, 0.205396, 0, 0.710799, -0.703395, -0.288965, -0.673387, -0.680477, 52.6054, 12.7127, 79.7931 )
mass = 95.4259
contacts_reported = 72
radius = 0.05
length = 18

[node name="String" parent="RoofSupport4" instance=ExtResource( 14 )]
transform = Transform( -0.563671, -1.53668e-08, -0.826, 0.573789, 0.71934, -0.391559, 0.594174, -0.694658, -0.40547, -0.0155106, 18.141, 0.162682 )
nodes/node_a = NodePath("..")
nodes/node_b = NodePath("../../RoofSupport2")
script = ExtResource( 13 )

[node name="RoofSupport5" parent="." instance=ExtResource( 1 )]
transform = Transform( -0.843391, -0.379928, -0.379928, 0, 0.707106, -0.707107, 0.5373, -0.596367, -0.596368, 63.3931, 12.5363, 78.6951 )
mass = 95.4259
contacts_reported = 72
radius = 0.05
length = 18

[node name="String" parent="RoofSupport5" instance=ExtResource( 14 )]
transform = Transform( -0.563671, 1.21072e-08, -0.826, 0.573789, 0.71934, -0.391559, 0.594174, -0.694658, -0.40547, 0.0533257, 18.2022, -0.0140228 )
nodes/node_a = NodePath("..")
nodes/node_b = NodePath("../../RoofSupport4")
script = ExtResource( 13 )

[node name="RoofSupport6" parent="." instance=ExtResource( 1 )]
transform = Transform( -0.232139, -0.68779, -0.687791, 0, 0.707106, -0.707107, 0.972683, -0.164147, -0.164147, 69.1945, 12.5316, 70.5797 )
mass = 95.4259
contacts_reported = 72
radius = 0.05
length = 18

[node name="String" parent="RoofSupport6" instance=ExtResource( 14 )]
transform = Transform( -0.563671, -8.3819e-09, -0.826, 0.573789, 0.71934, -0.391559, 0.594174, -0.694659, -0.40547, -0.13752, 18.4943, 0.121986 )
nodes/node_a = NodePath("..")
nodes/node_b = NodePath("../../RoofSupport2")
script = ExtResource( 13 )

[node name="RoofSupport7" parent="." instance=ExtResource( 1 )]
transform = Transform( 0.476576, -0.621641, -0.621641, 0, 0.707106, -0.707107, 0.879133, 0.33699, 0.33699, 67.5833, 12.63, 60.9777 )
mass = 95.4259
contacts_reported = 72
radius = 0.05
length = 18

[node name="String" parent="RoofSupport7" instance=ExtResource( 14 )]
transform = Transform( -0.563671, -5.40167e-08, -0.826, 0.573789, 0.71934, -0.391559, 0.594174, -0.694658, -0.40547, -0.0161514, 18.0406, -0.0371246 )
nodes/node_a = NodePath("..")
nodes/node_b = NodePath("../../RoofSupport2")
script = ExtResource( 13 )

[node name="RoofSupport8" parent="." instance=ExtResource( 1 )]
transform = Transform( 0.905376, -0.301291, -0.299195, 0, 0.704634, -0.709571, 0.42461, 0.642428, 0.637959, 61.5107, 12.733, 55.0877 )
mass = 95.4259
contacts_reported = 72
radius = 0.05
length = 18

[node name="String" parent="RoofSupport8" instance=ExtResource( 14 )]
transform = Transform( -0.563671, -7.17118e-08, -0.826, 0.573789, 0.71934, -0.391559, 0.594174, -0.694658, -0.40547, 0.201607, 17.9808, 0.224995 )
nodes/node_a = NodePath("..")
nodes/node_b = NodePath("../../RoofSupport7")
script = ExtResource( 13 )

[node name="Twig" parent="." instance=ExtResource( 1 )]
transform = Transform( 9.2962e-09, -0.212672, 0.977124, -1, -4.37114e-08, 0, 4.27114e-08, -0.977123, -0.212672, 47.7687, 14.5144, 68.8158 )
mass = 26.5072
contacts_reported = 20
radius = 0.05
length = 5

[node name="String" parent="Twig" instance=ExtResource( 14 )]
transform = Transform( -0.533553, 0.0239152, -0.84543, 0.596892, 0.718838, -0.356364, 0.599203, -0.694769, -0.39781, -0.0161505, 4.32427, -0.216003 )
nodes/node_a = NodePath("..")
nodes/node_b = NodePath("../../CenterSupport7")
script = ExtResource( 13 )

[node name="String2" parent="Twig" instance=ExtResource( 14 )]
transform = Transform( -0.533553, 0.0239152, -0.84543, 0.596892, 0.718838, -0.356364, 0.599203, -0.69477, -0.39781, -0.0161505, -4.2948, -0.259995 )
nodes/node_a = NodePath("..")
nodes/node_b = NodePath("../../CenterSupport6")
script = ExtResource( 13 )

[node name="Twig2" parent="." instance=ExtResource( 1 )]
transform = Transform( 3.63014e-08, -0.830479, 0.55705, -1, -4.37114e-08, 0, 2.43494e-08, -0.557049, -0.830479, 51.4725, 14.9435, 74.7083 )
mass = 21.2057
contacts_reported = 16
radius = 0.05
length = 4

[node name="String" parent="Twig2" instance=ExtResource( 14 )]
transform = Transform( -0.533553, 0.0239152, -0.845431, 0.596892, 0.718839, -0.356365, 0.599203, -0.69477, -0.397811, -0.0161505, 3.3411, -0.22316 )
nodes/node_a = NodePath("..")
nodes/node_b = NodePath("../../CenterSupport6")
script = ExtResource( 13 )

[node name="String2" parent="Twig2" instance=ExtResource( 14 )]
transform = Transform( -0.533554, 0.0239152, -0.845431, 0.596892, 0.71884, -0.356365, 0.599203, -0.69477, -0.397811, -0.0161505, -3.09357, -0.210823 )
nodes/node_a = NodePath("..")
nodes/node_b = NodePath("../../CenterSupport5")
script = ExtResource( 13 )

[node name="Twig5" parent="." instance=ExtResource( 1 )]
transform = Transform( 4.34461e-08, -0.99393, -0.110012, -1, -4.37114e-08, 0, -4.80878e-09, 0.110012, -0.99393, 57.5979, 15.4886, 75.9801 )
mass = 21.2057
contacts_reported = 16
radius = 0.05
length = 4

[node name="String" parent="Twig5" instance=ExtResource( 14 )]
transform = Transform( -0.533553, 0.0239152, -0.845431, 0.596892, 0.718839, -0.356365, 0.599203, -0.69477, -0.397811, -0.0161524, 3.72919, -0.173035 )
nodes/node_a = NodePath("..")
nodes/node_b = NodePath("../../CenterSupport5")
script = ExtResource( 13 )

[node name="String2" parent="Twig5" instance=ExtResource( 14 )]
transform = Transform( -0.533554, 0.0239152, -0.845431, 0.596893, 0.71884, -0.356365, 0.599203, -0.69477, -0.397811, -0.0161505, -3.52707, -0.246773 )
nodes/node_a = NodePath("..")
nodes/node_b = NodePath("../../CenterSupport4")
script = ExtResource( 13 )

[node name="Twig6" parent="." instance=ExtResource( 1 )]
transform = Transform( 3.05265e-08, -0.698365, -0.715742, -1, -4.37114e-08, 0, -3.12861e-08, 0.715741, -0.698365, 63.549, 15.0275, 72.9484 )
mass = 21.2057
contacts_reported = 16
radius = 0.05
length = 4

[node name="String" parent="Twig6" instance=ExtResource( 14 )]
transform = Transform( -0.533553, 0.0239152, -0.845431, 0.596892, 0.718839, -0.356365, 0.599203, -0.69477, -0.397811, -0.0161524, 3.72919, -0.173035 )
nodes/node_a = NodePath("..")
nodes/node_b = NodePath("../../CenterSupport4")
script = ExtResource( 13 )

[node name="String2" parent="Twig6" instance=ExtResource( 14 )]
transform = Transform( -0.533554, 0.0239152, -0.845431, 0.596893, 0.71884, -0.356365, 0.599203, -0.69477, -0.397811, -0.0161505, -3.87506, -0.238602 )
nodes/node_a = NodePath("..")
nodes/node_b = NodePath("../../CenterSupport3")
script = ExtResource( 13 )

[node name="Twig7" parent="." instance=ExtResource( 1 )]
transform = Transform( 4.47818e-10, -0.0102448, -0.999948, -1, -4.37114e-08, 0, -4.37091e-08, 0.999947, -0.0102449, 66.2723, 14.5875, 66.204 )
mass = 21.2057
contacts_reported = 16
radius = 0.05
length = 4

[node name="String" parent="Twig7" instance=ExtResource( 14 )]
transform = Transform( -0.533553, 0.0239152, -0.845431, 0.596892, 0.718839, -0.356365, 0.599203, -0.69477, -0.397811, -0.0161524, 3.95982, -0.1754 )
nodes/node_a = NodePath("..")
nodes/node_b = NodePath("../../CenterSupport3")
script = ExtResource( 13 )

[node name="String2" parent="Twig7" instance=ExtResource( 14 )]
transform = Transform( -0.533554, 0.0239152, -0.845431, 0.596893, 0.71884, -0.356365, 0.599203, -0.69477, -0.397811, -0.0161505, -4.02477, -0.237068 )
nodes/node_a = NodePath("..")
nodes/node_b = NodePath("../../CenterSupport2")
script = ExtResource( 13 )

[node name="Twig4" parent="." instance=ExtResource( 1 )]
transform = Transform( -3.27536e-08, 0.749314, -0.662215, -1, -4.37114e-08, 0, -2.89463e-08, 0.662214, 0.749314, 63.2873, 13.7163, 59.4277 )
mass = 21.2057
contacts_reported = 16
radius = 0.05
length = 4

[node name="String" parent="Twig4" instance=ExtResource( 14 )]
transform = Transform( -0.533553, 0.0239152, -0.845431, 0.596892, 0.718839, -0.356365, 0.599203, -0.69477, -0.397811, -0.0161524, 3.95982, -0.1754 )
nodes/node_a = NodePath("..")
nodes/node_b = NodePath("../../CenterSupport2")
script = ExtResource( 13 )

[node name="String2" parent="Twig4" instance=ExtResource( 14 )]
transform = Transform( -0.533554, 0.0239152, -0.845431, 0.596893, 0.71884, -0.356365, 0.599203, -0.69477, -0.397811, -0.0161505, -4.02477, -0.237068 )
nodes/node_a = NodePath("..")
nodes/node_b = NodePath("../../CenterSupport")
script = ExtResource( 13 )

[node name="Twig3" parent="." instance=ExtResource( 1 )]
transform = Transform( -4.35892e-08, 0.997204, 0.0747177, -1, -4.37114e-08, 0, 3.26601e-09, -0.0747176, 0.997205, 55.4142, 14.5144, 57.1662 )
mass = 26.5072
contacts_reported = 20
radius = 0.05
length = 5

[node name="String" parent="Twig3" instance=ExtResource( 14 )]
transform = Transform( -0.533553, 0.0239152, -0.845431, 0.596893, 0.718838, -0.356364, 0.599202, -0.69477, -0.397811, -0.0161524, 4.77088, -0.21772 )
nodes/node_a = NodePath("..")
nodes/node_b = NodePath("../../CenterSupport")
script = ExtResource( 13 )

[node name="String2" parent="Twig3" instance=ExtResource( 14 )]
transform = Transform( -0.533554, 0.0239152, -0.845431, 0.596893, 0.718839, -0.356365, 0.599203, -0.69477, -0.397811, -0.0161409, -4.96077, -0.245056 )
nodes/node_a = NodePath("..")
nodes/node_b = NodePath("../../CenterSupport8")
script = ExtResource( 13 )

[node name="Twig8" parent="." instance=ExtResource( 1 )]
transform = Transform( -1.93762e-08, 0.443274, 0.896386, -1, -4.37114e-08, 0, 3.91823e-08, -0.896385, 0.443275, 48.6604, 14.0957, 61.3338 )
mass = 26.5072
contacts_reported = 20
radius = 0.05
length = 5

[node name="String" parent="Twig8" instance=ExtResource( 14 )]
transform = Transform( -0.533553, 0.0239152, -0.845431, 0.596893, 0.718839, -0.356365, 0.599203, -0.69477, -0.397811, -0.0161695, 4.54876, -0.261726 )
nodes/node_a = NodePath("..")
nodes/node_b = NodePath("../../CenterSupport8")
script = ExtResource( 13 )

[node name="String2" parent="Twig8" instance=ExtResource( 14 )]
transform = Transform( -0.533554, 0.0239152, -0.845431, 0.596893, 0.71884, -0.356365, 0.599203, -0.694771, -0.397811, -0.0161409, -3.45512, -0.233711 )
nodes/node_a = NodePath("..")
nodes/node_b = NodePath("../../CenterSupport7")
script = ExtResource( 13 )

[node name="RoofTwig" parent="." instance=ExtResource( 1 )]
transform = Transform( 1.91069e-15, -4.37114e-08, 1, -0.827698, -0.561173, -2.45297e-08, 0.561174, -0.827698, -3.61798e-08, 58.4665, 11.0982, 51.5443 )
mass = 42.4115
contacts_reported = 32
radius = 0.05
length = 8

[node name="String" parent="RoofTwig" instance=ExtResource( 14 )]
transform = Transform( -0.533553, 0.0239152, -0.845431, 0.596893, 0.718838, -0.356364, 0.599202, -0.69477, -0.397811, 0.328274, 6.26662, -0.0334053 )
nodes/node_a = NodePath("..")
nodes/node_b = NodePath("../../Log13")
script = ExtResource( 13 )

[node name="String2" parent="RoofTwig" instance=ExtResource( 14 )]
transform = Transform( -0.533554, 0.0239152, -0.845431, 0.596893, 0.718839, -0.356365, 0.599203, -0.694771, -0.397811, 0.331268, -6.66793, -0.00880814 )
nodes/node_a = NodePath("..")
nodes/node_b = NodePath("../../Twig3")
script = ExtResource( 13 )

[node name="RoofTwig2" parent="." instance=ExtResource( 1 )]
transform = Transform( 0.100792, -0.148662, 0.983738, -0.832246, -0.554404, 0.00148898, 0.545167, -0.818862, -0.179603, 51.1263, 10.871, 51.6332 )
mass = 42.4115
contacts_reported = 32
radius = 0.05
length = 8

[node name="String" parent="RoofTwig2" instance=ExtResource( 14 )]
transform = Transform( -0.533553, 0.0239152, -0.845431, 0.596893, 0.718838, -0.356364, 0.599202, -0.69477, -0.397811, 0.328274, 6.26662, -0.0334053 )
nodes/node_a = NodePath("..")
nodes/node_b = NodePath("../../Log13")
script = ExtResource( 13 )

[node name="String2" parent="RoofTwig2" instance=ExtResource( 14 )]
transform = Transform( -0.533554, 0.0239152, -0.845431, 0.596893, 0.718839, -0.356365, 0.599203, -0.694771, -0.397811, 0.331268, -6.66793, -0.00880814 )
nodes/node_a = NodePath("..")
nodes/node_b = NodePath("../../Twig3")
script = ExtResource( 13 )

[node name="RoofTwig3" parent="." instance=ExtResource( 1 )]
transform = Transform( 0.056784, -0.0825693, 0.994966, -0.832246, -0.554404, 0.00148898, 0.55149, -0.828141, -0.100199, 54.9201, 11.2004, 51.8407 )
mass = 42.4115
contacts_reported = 32
radius = 0.05
length = 8

[node name="String" parent="RoofTwig3" instance=ExtResource( 14 )]
transform = Transform( -0.533553, 0.0239152, -0.845431, 0.596893, 0.718838, -0.356364, 0.599202, -0.69477, -0.397811, 0.328274, 6.26662, -0.0334053 )
nodes/node_a = NodePath("..")
nodes/node_b = NodePath("../../Log13")
script = ExtResource( 13 )

[node name="String2" parent="RoofTwig3" instance=ExtResource( 14 )]
transform = Transform( -0.533554, 0.0239152, -0.845431, 0.596893, 0.71884, -0.356365, 0.599203, -0.694772, -0.397811, 0.237137, -6.52658, 0.00830078 )
nodes/node_a = NodePath("..")
nodes/node_b = NodePath("../../Twig3")
script = ExtResource( 13 )

[node name="RoofTwigParallel" parent="." instance=ExtResource( 1 )]
transform = Transform( -4.35892e-08, 0.997204, 0.0747177, -1, -4.37114e-08, 0, 3.26601e-09, -0.0747176, 0.997205, 55.4142, 12.6789, 54.4584 )
mass = 21.2057
contacts_reported = 16
radius = 0.05
length = 4

[node name="String" parent="RoofTwigParallel" instance=ExtResource( 14 )]
transform = Transform( -0.533553, 0.0239152, -0.845431, 0.596893, 0.718838, -0.356364, 0.599202, -0.69477, -0.397811, -0.349647, 3.08316, -0.00414276 )
nodes/node_a = NodePath("..")
nodes/node_b = NodePath("../../CenterSupport")
script = ExtResource( 13 )

[node name="String2" parent="RoofTwigParallel" instance=ExtResource( 14 )]
transform = Transform( -0.533554, 0.0239152, -0.845431, 0.596893, 0.718839, -0.356365, 0.599203, -0.69477, -0.397811, -0.345911, -3.51815, 0.00229645 )
nodes/node_a = NodePath("..")
nodes/node_b = NodePath("../../CenterSupport8")
script = ExtResource( 13 )

[node name="RoofTwigParallel2" parent="." instance=ExtResource( 1 )]
transform = Transform( -4.35892e-08, 0.997204, 0.0747177, -1, -4.37114e-08, 0, 3.26601e-09, -0.0747176, 0.997205, 54.9754, 11.786, 53.2006 )
mass = 21.2057
contacts_reported = 16
radius = 0.05
length = 4

[node name="String" parent="RoofTwigParallel2" instance=ExtResource( 14 )]
transform = Transform( -0.533553, 0.0239152, -0.845431, 0.596893, 0.718838, -0.356364, 0.599202, -0.69477, -0.39781, -0.183765, 3.49241, 0.0265236 )
nodes/node_a = NodePath("..")
nodes/node_b = NodePath("../../CenterSupport")
script = ExtResource( 13 )

[node name="String2" parent="RoofTwigParallel2" instance=ExtResource( 14 )]
transform = Transform( -0.533554, 0.0239152, -0.845431, 0.596893, 0.718838, -0.356365, 0.599203, -0.694771, -0.397811, -0.22897, -3.67807, -0.00968552 )
nodes/node_a = NodePath("..")
nodes/node_b = NodePath("../../CenterSupport8")
script = ExtResource( 13 )

[node name="RoofTwigParallel3" parent="." instance=ExtResource( 1 )]
transform = Transform( -4.35892e-08, 0.997204, 0.0747177, -1, -4.37114e-08, 0, 3.26601e-09, -0.0747176, 0.997205, 54.9754, 10.0911, 50.7458 )
mass = 21.2057
contacts_reported = 16
radius = 0.05
length = 4

[node name="String" parent="RoofTwigParallel3" instance=ExtResource( 14 )]
transform = Transform( -0.533553, 0.0239152, -0.845431, 0.596893, 0.718838, -0.356364, 0.599202, -0.69477, -0.39781, -0.183765, 3.49241, 0.0265236 )
nodes/node_a = NodePath("..")
nodes/node_b = NodePath("../../CenterSupport")
script = ExtResource( 13 )

[node name="String2" parent="RoofTwigParallel3" instance=ExtResource( 14 )]
transform = Transform( -0.533554, 0.0239152, -0.845431, 0.596893, 0.718838, -0.356365, 0.599203, -0.694771, -0.397811, -0.22897, -3.67807, -0.00968552 )
nodes/node_a = NodePath("..")
nodes/node_b = NodePath("../../CenterSupport8")
script = ExtResource( 13 )

[node name="RoofTwigParallel4" parent="." instance=ExtResource( 1 )]
transform = Transform( -4.35892e-08, 0.997204, 0.0747177, -1, -4.37114e-08, 0, 3.26601e-09, -0.0747176, 0.997205, 54.6122, 9.00924, 49.1665 )
mass = 21.2057
contacts_reported = 16
radius = 0.05
length = 4

[node name="String" parent="RoofTwigParallel4" instance=ExtResource( 14 )]
transform = Transform( -0.533553, 0.0239152, -0.845431, 0.596893, 0.718838, -0.356364, 0.599202, -0.69477, -0.39781, -0.183765, 3.49241, 0.0265236 )
nodes/node_a = NodePath("..")
nodes/node_b = NodePath("../../CenterSupport")
script = ExtResource( 13 )

[node name="String2" parent="RoofTwigParallel4" instance=ExtResource( 14 )]
transform = Transform( -0.533554, 0.0239152, -0.845431, 0.596893, 0.718838, -0.356365, 0.599203, -0.694771, -0.397811, -0.22897, -3.67807, -0.00968552 )
nodes/node_a = NodePath("..")
nodes/node_b = NodePath("../../CenterSupport8")
script = ExtResource( 13 )

[node name="Thatch" parent="." instance=ExtResource( 15 )]
transform = Transform( 0.995258, -0.0486351, 0.0842385, -0.0162752, 0.770554, 0.637167, -0.095899, -0.635517, 0.766108, 57.8529, 15.006, 55.9984 )
gravity_scale = 0.5

[node name="Thatch2" parent="." instance=ExtResource( 15 )]
transform = Transform( 0.997456, -0.0356443, 0.0617377, -0.011928, 0.77037, 0.637486, -0.0702836, -0.6366, 0.767985, 56.2302, 15.0117, 56.1334 )
gravity_scale = 0.5

[node name="Thatch3" parent="." instance=ExtResource( 15 )]
transform = Transform( 0.99681, -0.0399081, 0.0691228, -0.0133548, 0.770424, 0.637392, -0.078691, -0.636281, 0.767433, 54.4832, 15.0309, 56.2467 )
gravity_scale = 0.5

[node name="Thatch4" parent="." instance=ExtResource( 15 )]
transform = Transform( 0.993984, -0.0547631, 0.0948524, -0.0183258, 0.77066, 0.636982, -0.107982, -0.634889, 0.76502, 52.9602, 15.0309, 56.2467 )
gravity_scale = 0.5

[node name="Thatch5" parent="." instance=ExtResource( 15 )]
transform = Transform( 0.993984, -0.0547631, 0.0948524, 0, 0.866025, 0.5, -0.109526, -0.496992, 0.860815, 52.2007, 11.7613, 52.1204 )
gravity_scale = 0.5

[node name="Thatch6" parent="." instance=ExtResource( 15 )]
transform = Transform( 0.993984, -0.0547631, 0.0948524, 0, 0.866025, 0.5, -0.109526, -0.496992, 0.860815, 53.8714, 11.6513, 51.83 )
gravity_scale = 0.5

[node name="Thatch7" parent="." instance=ExtResource( 15 )]
transform = Transform( 0.997863, -0.0326667, 0.0565804, 0, 0.866025, 0.5, -0.0653335, -0.498932, 0.864175, 55.6071, 11.7567, 51.9719 )
gravity_scale = 0.5

[node name="Thatch8" parent="." instance=ExtResource( 15 )]
transform = Transform( 0.99971, -0.0120416, 0.0208567, 0, 0.866025, 0.5, -0.0240832, -0.499855, 0.865774, 57.338, 11.7567, 51.8885 )
gravity_scale = 0.5

[node name="Thatch9" parent="." instance=ExtResource( 15 )]
transform = Transform( 0.993984, -0.0547631, 0.0948524, 0, 0.866025, 0.5, -0.109526, -0.496992, 0.860815, 51.6075, 8.78306, 47.8004 )
gravity_scale = 0.5

[node name="Thatch10" parent="." instance=ExtResource( 15 )]
